{
 "cells": [
  {
   "cell_type": "code",
   "execution_count": 59,
   "id": "49d5c257",
   "metadata": {},
   "outputs": [
    {
     "data": {
      "text/html": [
       "<div>\n",
       "<style scoped>\n",
       "    .dataframe tbody tr th:only-of-type {\n",
       "        vertical-align: middle;\n",
       "    }\n",
       "\n",
       "    .dataframe tbody tr th {\n",
       "        vertical-align: top;\n",
       "    }\n",
       "\n",
       "    .dataframe thead th {\n",
       "        text-align: right;\n",
       "    }\n",
       "</style>\n",
       "<table border=\"1\" class=\"dataframe\">\n",
       "  <thead>\n",
       "    <tr style=\"text-align: right;\">\n",
       "      <th></th>\n",
       "      <th>F2</th>\n",
       "      <th>F9</th>\n",
       "      <th>F12</th>\n",
       "      <th>F25</th>\n",
       "      <th>F26</th>\n",
       "      <th>F28</th>\n",
       "      <th>F34</th>\n",
       "      <th>F41</th>\n",
       "      <th>F44</th>\n",
       "      <th>F47</th>\n",
       "      <th>F50</th>\n",
       "      <th>F54</th>\n",
       "      <th>F60</th>\n",
       "      <th>F65</th>\n",
       "      <th>F66</th>\n",
       "      <th>F70</th>\n",
       "      <th>F76</th>\n",
       "      <th>Class</th>\n",
       "    </tr>\n",
       "  </thead>\n",
       "  <tbody>\n",
       "    <tr>\n",
       "      <th>0</th>\n",
       "      <td>0.760188</td>\n",
       "      <td>0.760204</td>\n",
       "      <td>0.619986</td>\n",
       "      <td>0.760240</td>\n",
       "      <td>0.620108</td>\n",
       "      <td>0.619993</td>\n",
       "      <td>0.760608</td>\n",
       "      <td>0.760374</td>\n",
       "      <td>0.620730</td>\n",
       "      <td>1.000000</td>\n",
       "      <td>0.760261</td>\n",
       "      <td>1.000000</td>\n",
       "      <td>1.000000</td>\n",
       "      <td>1.000000</td>\n",
       "      <td>0.760608</td>\n",
       "      <td>1.000000</td>\n",
       "      <td>1.000000</td>\n",
       "      <td>0</td>\n",
       "    </tr>\n",
       "    <tr>\n",
       "      <th>1</th>\n",
       "      <td>0.760200</td>\n",
       "      <td>0.760197</td>\n",
       "      <td>1.000000</td>\n",
       "      <td>0.760207</td>\n",
       "      <td>1.000000</td>\n",
       "      <td>1.000000</td>\n",
       "      <td>0.760266</td>\n",
       "      <td>0.760261</td>\n",
       "      <td>1.000000</td>\n",
       "      <td>0.760312</td>\n",
       "      <td>0.760219</td>\n",
       "      <td>0.760200</td>\n",
       "      <td>0.760191</td>\n",
       "      <td>0.760288</td>\n",
       "      <td>0.760266</td>\n",
       "      <td>0.760276</td>\n",
       "      <td>0.760189</td>\n",
       "      <td>0</td>\n",
       "    </tr>\n",
       "    <tr>\n",
       "      <th>2</th>\n",
       "      <td>1.000000</td>\n",
       "      <td>1.000000</td>\n",
       "      <td>1.000000</td>\n",
       "      <td>1.000000</td>\n",
       "      <td>0.760267</td>\n",
       "      <td>1.000000</td>\n",
       "      <td>1.000000</td>\n",
       "      <td>1.000000</td>\n",
       "      <td>1.000000</td>\n",
       "      <td>0.760275</td>\n",
       "      <td>1.000000</td>\n",
       "      <td>0.620175</td>\n",
       "      <td>1.000000</td>\n",
       "      <td>0.760289</td>\n",
       "      <td>1.000000</td>\n",
       "      <td>0.620498</td>\n",
       "      <td>1.000000</td>\n",
       "      <td>0</td>\n",
       "    </tr>\n",
       "    <tr>\n",
       "      <th>3</th>\n",
       "      <td>0.760202</td>\n",
       "      <td>0.760199</td>\n",
       "      <td>0.760188</td>\n",
       "      <td>0.760203</td>\n",
       "      <td>0.760209</td>\n",
       "      <td>0.760202</td>\n",
       "      <td>0.760391</td>\n",
       "      <td>0.760339</td>\n",
       "      <td>0.760424</td>\n",
       "      <td>0.760253</td>\n",
       "      <td>0.760221</td>\n",
       "      <td>0.760202</td>\n",
       "      <td>0.760202</td>\n",
       "      <td>0.760259</td>\n",
       "      <td>0.760391</td>\n",
       "      <td>0.760248</td>\n",
       "      <td>0.760424</td>\n",
       "      <td>0</td>\n",
       "    </tr>\n",
       "    <tr>\n",
       "      <th>4</th>\n",
       "      <td>0.760193</td>\n",
       "      <td>1.000000</td>\n",
       "      <td>0.760199</td>\n",
       "      <td>1.000000</td>\n",
       "      <td>0.760213</td>\n",
       "      <td>0.762225</td>\n",
       "      <td>0.760250</td>\n",
       "      <td>1.000000</td>\n",
       "      <td>0.765161</td>\n",
       "      <td>0.760188</td>\n",
       "      <td>0.760219</td>\n",
       "      <td>1.000000</td>\n",
       "      <td>0.762225</td>\n",
       "      <td>1.000000</td>\n",
       "      <td>0.760250</td>\n",
       "      <td>1.000000</td>\n",
       "      <td>0.765161</td>\n",
       "      <td>0</td>\n",
       "    </tr>\n",
       "  </tbody>\n",
       "</table>\n",
       "</div>"
      ],
      "text/plain": [
       "         F2        F9       F12       F25       F26       F28       F34  \\\n",
       "0  0.760188  0.760204  0.619986  0.760240  0.620108  0.619993  0.760608   \n",
       "1  0.760200  0.760197  1.000000  0.760207  1.000000  1.000000  0.760266   \n",
       "2  1.000000  1.000000  1.000000  1.000000  0.760267  1.000000  1.000000   \n",
       "3  0.760202  0.760199  0.760188  0.760203  0.760209  0.760202  0.760391   \n",
       "4  0.760193  1.000000  0.760199  1.000000  0.760213  0.762225  0.760250   \n",
       "\n",
       "        F41       F44       F47       F50       F54       F60       F65  \\\n",
       "0  0.760374  0.620730  1.000000  0.760261  1.000000  1.000000  1.000000   \n",
       "1  0.760261  1.000000  0.760312  0.760219  0.760200  0.760191  0.760288   \n",
       "2  1.000000  1.000000  0.760275  1.000000  0.620175  1.000000  0.760289   \n",
       "3  0.760339  0.760424  0.760253  0.760221  0.760202  0.760202  0.760259   \n",
       "4  1.000000  0.765161  0.760188  0.760219  1.000000  0.762225  1.000000   \n",
       "\n",
       "        F66       F70       F76  Class  \n",
       "0  0.760608  1.000000  1.000000      0  \n",
       "1  0.760266  0.760276  0.760189      0  \n",
       "2  1.000000  0.620498  1.000000      0  \n",
       "3  0.760391  0.760248  0.760424      0  \n",
       "4  0.760250  1.000000  0.765161      0  "
      ]
     },
     "execution_count": 59,
     "metadata": {},
     "output_type": "execute_result"
    }
   ],
   "source": [
    "import matplotlib.pyplot as plt\n",
    "import seaborn as sns\n",
    "import pandas as pd\n",
    "data=pd.read_csv(r\"C:\\Users\\sairam\\Desktop\\practice_data.csv\")\n",
    "data.head()"
   ]
  },
  {
   "cell_type": "code",
   "execution_count": 60,
   "id": "87b54cbf",
   "metadata": {},
   "outputs": [
    {
     "name": "stdout",
     "output_type": "stream",
     "text": [
      "<class 'pandas.core.frame.DataFrame'>\n",
      "RangeIndex: 216 entries, 0 to 215\n",
      "Data columns (total 18 columns):\n",
      " #   Column  Non-Null Count  Dtype  \n",
      "---  ------  --------------  -----  \n",
      " 0   F2      216 non-null    float64\n",
      " 1   F9      216 non-null    float64\n",
      " 2   F12     216 non-null    float64\n",
      " 3   F25     216 non-null    float64\n",
      " 4   F26     216 non-null    float64\n",
      " 5   F28     216 non-null    float64\n",
      " 6   F34     216 non-null    float64\n",
      " 7   F41     216 non-null    float64\n",
      " 8   F44     216 non-null    float64\n",
      " 9   F47     216 non-null    float64\n",
      " 10  F50     216 non-null    float64\n",
      " 11  F54     216 non-null    float64\n",
      " 12  F60     216 non-null    float64\n",
      " 13  F65     216 non-null    float64\n",
      " 14  F66     216 non-null    float64\n",
      " 15  F70     216 non-null    float64\n",
      " 16  F76     216 non-null    float64\n",
      " 17  Class   216 non-null    int64  \n",
      "dtypes: float64(17), int64(1)\n",
      "memory usage: 30.5 KB\n"
     ]
    }
   ],
   "source": [
    "data.info()"
   ]
  },
  {
   "cell_type": "code",
   "execution_count": 61,
   "id": "d97ae3f6",
   "metadata": {},
   "outputs": [
    {
     "data": {
      "text/html": [
       "<div>\n",
       "<style scoped>\n",
       "    .dataframe tbody tr th:only-of-type {\n",
       "        vertical-align: middle;\n",
       "    }\n",
       "\n",
       "    .dataframe tbody tr th {\n",
       "        vertical-align: top;\n",
       "    }\n",
       "\n",
       "    .dataframe thead th {\n",
       "        text-align: right;\n",
       "    }\n",
       "</style>\n",
       "<table border=\"1\" class=\"dataframe\">\n",
       "  <thead>\n",
       "    <tr style=\"text-align: right;\">\n",
       "      <th></th>\n",
       "      <th>F2</th>\n",
       "      <th>F9</th>\n",
       "      <th>F12</th>\n",
       "      <th>F25</th>\n",
       "      <th>F26</th>\n",
       "      <th>F28</th>\n",
       "      <th>F34</th>\n",
       "      <th>F41</th>\n",
       "      <th>F44</th>\n",
       "      <th>F47</th>\n",
       "      <th>F50</th>\n",
       "      <th>F54</th>\n",
       "      <th>F60</th>\n",
       "      <th>F65</th>\n",
       "      <th>F66</th>\n",
       "      <th>F70</th>\n",
       "      <th>F76</th>\n",
       "      <th>Class</th>\n",
       "    </tr>\n",
       "  </thead>\n",
       "  <tbody>\n",
       "    <tr>\n",
       "      <th>count</th>\n",
       "      <td>216.000000</td>\n",
       "      <td>216.000000</td>\n",
       "      <td>216.000000</td>\n",
       "      <td>216.000000</td>\n",
       "      <td>216.000000</td>\n",
       "      <td>216.000000</td>\n",
       "      <td>216.000000</td>\n",
       "      <td>216.000000</td>\n",
       "      <td>216.000000</td>\n",
       "      <td>216.000000</td>\n",
       "      <td>216.000000</td>\n",
       "      <td>216.000000</td>\n",
       "      <td>216.000000</td>\n",
       "      <td>216.000000</td>\n",
       "      <td>216.000000</td>\n",
       "      <td>216.000000</td>\n",
       "      <td>216.000000</td>\n",
       "      <td>216.00000</td>\n",
       "    </tr>\n",
       "    <tr>\n",
       "      <th>mean</th>\n",
       "      <td>0.944017</td>\n",
       "      <td>0.879594</td>\n",
       "      <td>0.912507</td>\n",
       "      <td>0.882076</td>\n",
       "      <td>0.916634</td>\n",
       "      <td>0.914385</td>\n",
       "      <td>0.945053</td>\n",
       "      <td>0.878528</td>\n",
       "      <td>0.910754</td>\n",
       "      <td>0.914187</td>\n",
       "      <td>0.922438</td>\n",
       "      <td>0.917557</td>\n",
       "      <td>0.910260</td>\n",
       "      <td>0.926293</td>\n",
       "      <td>0.927470</td>\n",
       "      <td>0.924446</td>\n",
       "      <td>0.913629</td>\n",
       "      <td>0.99537</td>\n",
       "    </tr>\n",
       "    <tr>\n",
       "      <th>std</th>\n",
       "      <td>0.088212</td>\n",
       "      <td>0.134606</td>\n",
       "      <td>0.118926</td>\n",
       "      <td>0.135913</td>\n",
       "      <td>0.111482</td>\n",
       "      <td>0.120349</td>\n",
       "      <td>0.087938</td>\n",
       "      <td>0.133135</td>\n",
       "      <td>0.118509</td>\n",
       "      <td>0.117768</td>\n",
       "      <td>0.111748</td>\n",
       "      <td>0.112099</td>\n",
       "      <td>0.116391</td>\n",
       "      <td>0.108614</td>\n",
       "      <td>0.113704</td>\n",
       "      <td>0.112601</td>\n",
       "      <td>0.117873</td>\n",
       "      <td>1.15133</td>\n",
       "    </tr>\n",
       "    <tr>\n",
       "      <th>min</th>\n",
       "      <td>0.760188</td>\n",
       "      <td>0.619900</td>\n",
       "      <td>0.619900</td>\n",
       "      <td>0.620007</td>\n",
       "      <td>0.619923</td>\n",
       "      <td>0.619912</td>\n",
       "      <td>0.760247</td>\n",
       "      <td>0.619912</td>\n",
       "      <td>0.619959</td>\n",
       "      <td>0.619913</td>\n",
       "      <td>0.619978</td>\n",
       "      <td>0.619985</td>\n",
       "      <td>0.619921</td>\n",
       "      <td>0.619936</td>\n",
       "      <td>0.619965</td>\n",
       "      <td>0.619995</td>\n",
       "      <td>0.620101</td>\n",
       "      <td>0.00000</td>\n",
       "    </tr>\n",
       "    <tr>\n",
       "      <th>25%</th>\n",
       "      <td>0.954593</td>\n",
       "      <td>0.760200</td>\n",
       "      <td>0.761168</td>\n",
       "      <td>0.760216</td>\n",
       "      <td>0.776447</td>\n",
       "      <td>0.760421</td>\n",
       "      <td>0.959350</td>\n",
       "      <td>0.760261</td>\n",
       "      <td>0.760384</td>\n",
       "      <td>0.760574</td>\n",
       "      <td>0.881263</td>\n",
       "      <td>0.808884</td>\n",
       "      <td>0.760243</td>\n",
       "      <td>0.864084</td>\n",
       "      <td>0.891516</td>\n",
       "      <td>0.873389</td>\n",
       "      <td>0.760392</td>\n",
       "      <td>0.00000</td>\n",
       "    </tr>\n",
       "    <tr>\n",
       "      <th>50%</th>\n",
       "      <td>0.983509</td>\n",
       "      <td>0.965825</td>\n",
       "      <td>0.977208</td>\n",
       "      <td>0.974264</td>\n",
       "      <td>0.974640</td>\n",
       "      <td>0.982810</td>\n",
       "      <td>0.984699</td>\n",
       "      <td>0.958259</td>\n",
       "      <td>0.973832</td>\n",
       "      <td>0.978551</td>\n",
       "      <td>0.983646</td>\n",
       "      <td>0.981559</td>\n",
       "      <td>0.979558</td>\n",
       "      <td>0.986217</td>\n",
       "      <td>0.989069</td>\n",
       "      <td>0.987293</td>\n",
       "      <td>0.984737</td>\n",
       "      <td>0.50000</td>\n",
       "    </tr>\n",
       "    <tr>\n",
       "      <th>75%</th>\n",
       "      <td>1.000000</td>\n",
       "      <td>0.990696</td>\n",
       "      <td>0.998058</td>\n",
       "      <td>0.992577</td>\n",
       "      <td>0.999344</td>\n",
       "      <td>0.996907</td>\n",
       "      <td>1.000000</td>\n",
       "      <td>0.981642</td>\n",
       "      <td>0.995380</td>\n",
       "      <td>0.995696</td>\n",
       "      <td>1.000000</td>\n",
       "      <td>0.997665</td>\n",
       "      <td>0.996937</td>\n",
       "      <td>1.000000</td>\n",
       "      <td>1.000000</td>\n",
       "      <td>0.999471</td>\n",
       "      <td>0.995462</td>\n",
       "      <td>2.00000</td>\n",
       "    </tr>\n",
       "    <tr>\n",
       "      <th>max</th>\n",
       "      <td>1.000000</td>\n",
       "      <td>1.000000</td>\n",
       "      <td>1.000000</td>\n",
       "      <td>1.002096</td>\n",
       "      <td>1.000000</td>\n",
       "      <td>1.000000</td>\n",
       "      <td>1.000000</td>\n",
       "      <td>1.000000</td>\n",
       "      <td>1.000000</td>\n",
       "      <td>1.000000</td>\n",
       "      <td>1.000000</td>\n",
       "      <td>1.000000</td>\n",
       "      <td>1.000000</td>\n",
       "      <td>1.000000</td>\n",
       "      <td>1.000000</td>\n",
       "      <td>1.000000</td>\n",
       "      <td>1.000000</td>\n",
       "      <td>3.00000</td>\n",
       "    </tr>\n",
       "  </tbody>\n",
       "</table>\n",
       "</div>"
      ],
      "text/plain": [
       "               F2          F9         F12         F25         F26         F28  \\\n",
       "count  216.000000  216.000000  216.000000  216.000000  216.000000  216.000000   \n",
       "mean     0.944017    0.879594    0.912507    0.882076    0.916634    0.914385   \n",
       "std      0.088212    0.134606    0.118926    0.135913    0.111482    0.120349   \n",
       "min      0.760188    0.619900    0.619900    0.620007    0.619923    0.619912   \n",
       "25%      0.954593    0.760200    0.761168    0.760216    0.776447    0.760421   \n",
       "50%      0.983509    0.965825    0.977208    0.974264    0.974640    0.982810   \n",
       "75%      1.000000    0.990696    0.998058    0.992577    0.999344    0.996907   \n",
       "max      1.000000    1.000000    1.000000    1.002096    1.000000    1.000000   \n",
       "\n",
       "              F34         F41         F44         F47         F50         F54  \\\n",
       "count  216.000000  216.000000  216.000000  216.000000  216.000000  216.000000   \n",
       "mean     0.945053    0.878528    0.910754    0.914187    0.922438    0.917557   \n",
       "std      0.087938    0.133135    0.118509    0.117768    0.111748    0.112099   \n",
       "min      0.760247    0.619912    0.619959    0.619913    0.619978    0.619985   \n",
       "25%      0.959350    0.760261    0.760384    0.760574    0.881263    0.808884   \n",
       "50%      0.984699    0.958259    0.973832    0.978551    0.983646    0.981559   \n",
       "75%      1.000000    0.981642    0.995380    0.995696    1.000000    0.997665   \n",
       "max      1.000000    1.000000    1.000000    1.000000    1.000000    1.000000   \n",
       "\n",
       "              F60         F65         F66         F70         F76      Class  \n",
       "count  216.000000  216.000000  216.000000  216.000000  216.000000  216.00000  \n",
       "mean     0.910260    0.926293    0.927470    0.924446    0.913629    0.99537  \n",
       "std      0.116391    0.108614    0.113704    0.112601    0.117873    1.15133  \n",
       "min      0.619921    0.619936    0.619965    0.619995    0.620101    0.00000  \n",
       "25%      0.760243    0.864084    0.891516    0.873389    0.760392    0.00000  \n",
       "50%      0.979558    0.986217    0.989069    0.987293    0.984737    0.50000  \n",
       "75%      0.996937    1.000000    1.000000    0.999471    0.995462    2.00000  \n",
       "max      1.000000    1.000000    1.000000    1.000000    1.000000    3.00000  "
      ]
     },
     "execution_count": 61,
     "metadata": {},
     "output_type": "execute_result"
    }
   ],
   "source": [
    "data.describe()"
   ]
  },
  {
   "cell_type": "code",
   "execution_count": 62,
   "id": "be611294",
   "metadata": {},
   "outputs": [
    {
     "data": {
      "text/html": [
       "<div>\n",
       "<style scoped>\n",
       "    .dataframe tbody tr th:only-of-type {\n",
       "        vertical-align: middle;\n",
       "    }\n",
       "\n",
       "    .dataframe tbody tr th {\n",
       "        vertical-align: top;\n",
       "    }\n",
       "\n",
       "    .dataframe thead th {\n",
       "        text-align: right;\n",
       "    }\n",
       "</style>\n",
       "<table border=\"1\" class=\"dataframe\">\n",
       "  <thead>\n",
       "    <tr style=\"text-align: right;\">\n",
       "      <th></th>\n",
       "      <th>F2</th>\n",
       "      <th>F9</th>\n",
       "      <th>F12</th>\n",
       "      <th>F25</th>\n",
       "      <th>F26</th>\n",
       "      <th>F28</th>\n",
       "      <th>F34</th>\n",
       "      <th>F41</th>\n",
       "      <th>F44</th>\n",
       "      <th>F47</th>\n",
       "      <th>F50</th>\n",
       "      <th>F54</th>\n",
       "      <th>F60</th>\n",
       "      <th>F65</th>\n",
       "      <th>F66</th>\n",
       "      <th>F70</th>\n",
       "      <th>F76</th>\n",
       "      <th>Class</th>\n",
       "    </tr>\n",
       "  </thead>\n",
       "  <tbody>\n",
       "    <tr>\n",
       "      <th>F2</th>\n",
       "      <td>1.000000</td>\n",
       "      <td>0.288828</td>\n",
       "      <td>0.133393</td>\n",
       "      <td>0.283360</td>\n",
       "      <td>0.259141</td>\n",
       "      <td>0.141820</td>\n",
       "      <td>0.982344</td>\n",
       "      <td>0.275284</td>\n",
       "      <td>0.128086</td>\n",
       "      <td>0.194636</td>\n",
       "      <td>0.618443</td>\n",
       "      <td>-0.013258</td>\n",
       "      <td>0.203849</td>\n",
       "      <td>0.148029</td>\n",
       "      <td>0.616861</td>\n",
       "      <td>0.000720</td>\n",
       "      <td>0.211224</td>\n",
       "      <td>0.269306</td>\n",
       "    </tr>\n",
       "    <tr>\n",
       "      <th>F9</th>\n",
       "      <td>0.288828</td>\n",
       "      <td>1.000000</td>\n",
       "      <td>0.480796</td>\n",
       "      <td>0.993717</td>\n",
       "      <td>0.400273</td>\n",
       "      <td>0.490477</td>\n",
       "      <td>0.284680</td>\n",
       "      <td>0.991406</td>\n",
       "      <td>0.475179</td>\n",
       "      <td>0.358939</td>\n",
       "      <td>0.355965</td>\n",
       "      <td>0.186581</td>\n",
       "      <td>0.320154</td>\n",
       "      <td>0.412324</td>\n",
       "      <td>0.377413</td>\n",
       "      <td>0.225671</td>\n",
       "      <td>0.337127</td>\n",
       "      <td>-0.174619</td>\n",
       "    </tr>\n",
       "    <tr>\n",
       "      <th>F12</th>\n",
       "      <td>0.133393</td>\n",
       "      <td>0.480796</td>\n",
       "      <td>1.000000</td>\n",
       "      <td>0.485101</td>\n",
       "      <td>0.384052</td>\n",
       "      <td>0.997115</td>\n",
       "      <td>0.137174</td>\n",
       "      <td>0.477150</td>\n",
       "      <td>0.991662</td>\n",
       "      <td>0.084600</td>\n",
       "      <td>0.213627</td>\n",
       "      <td>-0.117830</td>\n",
       "      <td>0.286842</td>\n",
       "      <td>0.422666</td>\n",
       "      <td>0.231906</td>\n",
       "      <td>-0.086995</td>\n",
       "      <td>0.297348</td>\n",
       "      <td>-0.188479</td>\n",
       "    </tr>\n",
       "    <tr>\n",
       "      <th>F25</th>\n",
       "      <td>0.283360</td>\n",
       "      <td>0.993717</td>\n",
       "      <td>0.485101</td>\n",
       "      <td>1.000000</td>\n",
       "      <td>0.405487</td>\n",
       "      <td>0.494534</td>\n",
       "      <td>0.288882</td>\n",
       "      <td>0.991103</td>\n",
       "      <td>0.477141</td>\n",
       "      <td>0.365933</td>\n",
       "      <td>0.362431</td>\n",
       "      <td>0.200181</td>\n",
       "      <td>0.328083</td>\n",
       "      <td>0.415810</td>\n",
       "      <td>0.384766</td>\n",
       "      <td>0.233962</td>\n",
       "      <td>0.345926</td>\n",
       "      <td>-0.154215</td>\n",
       "    </tr>\n",
       "    <tr>\n",
       "      <th>F26</th>\n",
       "      <td>0.259141</td>\n",
       "      <td>0.400273</td>\n",
       "      <td>0.384052</td>\n",
       "      <td>0.405487</td>\n",
       "      <td>1.000000</td>\n",
       "      <td>0.389657</td>\n",
       "      <td>0.262833</td>\n",
       "      <td>0.396217</td>\n",
       "      <td>0.379212</td>\n",
       "      <td>0.197066</td>\n",
       "      <td>0.226732</td>\n",
       "      <td>0.286247</td>\n",
       "      <td>0.329775</td>\n",
       "      <td>0.214505</td>\n",
       "      <td>0.240682</td>\n",
       "      <td>0.298549</td>\n",
       "      <td>0.339862</td>\n",
       "      <td>0.151746</td>\n",
       "    </tr>\n",
       "    <tr>\n",
       "      <th>F28</th>\n",
       "      <td>0.141820</td>\n",
       "      <td>0.490477</td>\n",
       "      <td>0.997115</td>\n",
       "      <td>0.494534</td>\n",
       "      <td>0.389657</td>\n",
       "      <td>1.000000</td>\n",
       "      <td>0.142752</td>\n",
       "      <td>0.486735</td>\n",
       "      <td>0.993097</td>\n",
       "      <td>0.090456</td>\n",
       "      <td>0.220128</td>\n",
       "      <td>-0.113162</td>\n",
       "      <td>0.295878</td>\n",
       "      <td>0.428941</td>\n",
       "      <td>0.239477</td>\n",
       "      <td>-0.079896</td>\n",
       "      <td>0.307719</td>\n",
       "      <td>-0.171809</td>\n",
       "    </tr>\n",
       "    <tr>\n",
       "      <th>F34</th>\n",
       "      <td>0.982344</td>\n",
       "      <td>0.284680</td>\n",
       "      <td>0.137174</td>\n",
       "      <td>0.288882</td>\n",
       "      <td>0.262833</td>\n",
       "      <td>0.142752</td>\n",
       "      <td>1.000000</td>\n",
       "      <td>0.287513</td>\n",
       "      <td>0.132548</td>\n",
       "      <td>0.199104</td>\n",
       "      <td>0.618850</td>\n",
       "      <td>-0.010423</td>\n",
       "      <td>0.214459</td>\n",
       "      <td>0.148973</td>\n",
       "      <td>0.622368</td>\n",
       "      <td>0.007287</td>\n",
       "      <td>0.217952</td>\n",
       "      <td>0.281888</td>\n",
       "    </tr>\n",
       "    <tr>\n",
       "      <th>F41</th>\n",
       "      <td>0.275284</td>\n",
       "      <td>0.991406</td>\n",
       "      <td>0.477150</td>\n",
       "      <td>0.991103</td>\n",
       "      <td>0.396217</td>\n",
       "      <td>0.486735</td>\n",
       "      <td>0.287513</td>\n",
       "      <td>1.000000</td>\n",
       "      <td>0.474277</td>\n",
       "      <td>0.357460</td>\n",
       "      <td>0.348268</td>\n",
       "      <td>0.177796</td>\n",
       "      <td>0.320654</td>\n",
       "      <td>0.406964</td>\n",
       "      <td>0.373905</td>\n",
       "      <td>0.222554</td>\n",
       "      <td>0.336981</td>\n",
       "      <td>-0.183684</td>\n",
       "    </tr>\n",
       "    <tr>\n",
       "      <th>F44</th>\n",
       "      <td>0.128086</td>\n",
       "      <td>0.475179</td>\n",
       "      <td>0.991662</td>\n",
       "      <td>0.477141</td>\n",
       "      <td>0.379212</td>\n",
       "      <td>0.993097</td>\n",
       "      <td>0.132548</td>\n",
       "      <td>0.474277</td>\n",
       "      <td>1.000000</td>\n",
       "      <td>0.076601</td>\n",
       "      <td>0.204969</td>\n",
       "      <td>-0.131654</td>\n",
       "      <td>0.283671</td>\n",
       "      <td>0.417137</td>\n",
       "      <td>0.224148</td>\n",
       "      <td>-0.095317</td>\n",
       "      <td>0.293352</td>\n",
       "      <td>-0.189931</td>\n",
       "    </tr>\n",
       "    <tr>\n",
       "      <th>F47</th>\n",
       "      <td>0.194636</td>\n",
       "      <td>0.358939</td>\n",
       "      <td>0.084600</td>\n",
       "      <td>0.365933</td>\n",
       "      <td>0.197066</td>\n",
       "      <td>0.090456</td>\n",
       "      <td>0.199104</td>\n",
       "      <td>0.357460</td>\n",
       "      <td>0.076601</td>\n",
       "      <td>1.000000</td>\n",
       "      <td>0.422509</td>\n",
       "      <td>0.399504</td>\n",
       "      <td>0.339519</td>\n",
       "      <td>0.272268</td>\n",
       "      <td>0.436501</td>\n",
       "      <td>0.426268</td>\n",
       "      <td>0.350381</td>\n",
       "      <td>0.183130</td>\n",
       "    </tr>\n",
       "    <tr>\n",
       "      <th>F50</th>\n",
       "      <td>0.618443</td>\n",
       "      <td>0.355965</td>\n",
       "      <td>0.213627</td>\n",
       "      <td>0.362431</td>\n",
       "      <td>0.226732</td>\n",
       "      <td>0.220128</td>\n",
       "      <td>0.618850</td>\n",
       "      <td>0.348268</td>\n",
       "      <td>0.204969</td>\n",
       "      <td>0.422509</td>\n",
       "      <td>1.000000</td>\n",
       "      <td>0.124927</td>\n",
       "      <td>0.322097</td>\n",
       "      <td>0.265929</td>\n",
       "      <td>0.994571</td>\n",
       "      <td>0.140217</td>\n",
       "      <td>0.334019</td>\n",
       "      <td>0.162924</td>\n",
       "    </tr>\n",
       "    <tr>\n",
       "      <th>F54</th>\n",
       "      <td>-0.013258</td>\n",
       "      <td>0.186581</td>\n",
       "      <td>-0.117830</td>\n",
       "      <td>0.200181</td>\n",
       "      <td>0.286247</td>\n",
       "      <td>-0.113162</td>\n",
       "      <td>-0.010423</td>\n",
       "      <td>0.177796</td>\n",
       "      <td>-0.131654</td>\n",
       "      <td>0.399504</td>\n",
       "      <td>0.124927</td>\n",
       "      <td>1.000000</td>\n",
       "      <td>0.326750</td>\n",
       "      <td>0.211963</td>\n",
       "      <td>0.135464</td>\n",
       "      <td>0.976926</td>\n",
       "      <td>0.342030</td>\n",
       "      <td>0.185642</td>\n",
       "    </tr>\n",
       "    <tr>\n",
       "      <th>F60</th>\n",
       "      <td>0.203849</td>\n",
       "      <td>0.320154</td>\n",
       "      <td>0.286842</td>\n",
       "      <td>0.328083</td>\n",
       "      <td>0.329775</td>\n",
       "      <td>0.295878</td>\n",
       "      <td>0.214459</td>\n",
       "      <td>0.320654</td>\n",
       "      <td>0.283671</td>\n",
       "      <td>0.339519</td>\n",
       "      <td>0.322097</td>\n",
       "      <td>0.326750</td>\n",
       "      <td>1.000000</td>\n",
       "      <td>0.261396</td>\n",
       "      <td>0.343374</td>\n",
       "      <td>0.369574</td>\n",
       "      <td>0.995039</td>\n",
       "      <td>0.192986</td>\n",
       "    </tr>\n",
       "    <tr>\n",
       "      <th>F65</th>\n",
       "      <td>0.148029</td>\n",
       "      <td>0.412324</td>\n",
       "      <td>0.422666</td>\n",
       "      <td>0.415810</td>\n",
       "      <td>0.214505</td>\n",
       "      <td>0.428941</td>\n",
       "      <td>0.148973</td>\n",
       "      <td>0.406964</td>\n",
       "      <td>0.417137</td>\n",
       "      <td>0.272268</td>\n",
       "      <td>0.265929</td>\n",
       "      <td>0.211963</td>\n",
       "      <td>0.261396</td>\n",
       "      <td>1.000000</td>\n",
       "      <td>0.280945</td>\n",
       "      <td>0.235279</td>\n",
       "      <td>0.275340</td>\n",
       "      <td>-0.160041</td>\n",
       "    </tr>\n",
       "    <tr>\n",
       "      <th>F66</th>\n",
       "      <td>0.616861</td>\n",
       "      <td>0.377413</td>\n",
       "      <td>0.231906</td>\n",
       "      <td>0.384766</td>\n",
       "      <td>0.240682</td>\n",
       "      <td>0.239477</td>\n",
       "      <td>0.622368</td>\n",
       "      <td>0.373905</td>\n",
       "      <td>0.224148</td>\n",
       "      <td>0.436501</td>\n",
       "      <td>0.994571</td>\n",
       "      <td>0.135464</td>\n",
       "      <td>0.343374</td>\n",
       "      <td>0.280945</td>\n",
       "      <td>1.000000</td>\n",
       "      <td>0.161550</td>\n",
       "      <td>0.354222</td>\n",
       "      <td>0.160449</td>\n",
       "    </tr>\n",
       "    <tr>\n",
       "      <th>F70</th>\n",
       "      <td>0.000720</td>\n",
       "      <td>0.225671</td>\n",
       "      <td>-0.086995</td>\n",
       "      <td>0.233962</td>\n",
       "      <td>0.298549</td>\n",
       "      <td>-0.079896</td>\n",
       "      <td>0.007287</td>\n",
       "      <td>0.222554</td>\n",
       "      <td>-0.095317</td>\n",
       "      <td>0.426268</td>\n",
       "      <td>0.140217</td>\n",
       "      <td>0.976926</td>\n",
       "      <td>0.369574</td>\n",
       "      <td>0.235279</td>\n",
       "      <td>0.161550</td>\n",
       "      <td>1.000000</td>\n",
       "      <td>0.381608</td>\n",
       "      <td>0.152552</td>\n",
       "    </tr>\n",
       "    <tr>\n",
       "      <th>F76</th>\n",
       "      <td>0.211224</td>\n",
       "      <td>0.337127</td>\n",
       "      <td>0.297348</td>\n",
       "      <td>0.345926</td>\n",
       "      <td>0.339862</td>\n",
       "      <td>0.307719</td>\n",
       "      <td>0.217952</td>\n",
       "      <td>0.336981</td>\n",
       "      <td>0.293352</td>\n",
       "      <td>0.350381</td>\n",
       "      <td>0.334019</td>\n",
       "      <td>0.342030</td>\n",
       "      <td>0.995039</td>\n",
       "      <td>0.275340</td>\n",
       "      <td>0.354222</td>\n",
       "      <td>0.381608</td>\n",
       "      <td>1.000000</td>\n",
       "      <td>0.198849</td>\n",
       "    </tr>\n",
       "    <tr>\n",
       "      <th>Class</th>\n",
       "      <td>0.269306</td>\n",
       "      <td>-0.174619</td>\n",
       "      <td>-0.188479</td>\n",
       "      <td>-0.154215</td>\n",
       "      <td>0.151746</td>\n",
       "      <td>-0.171809</td>\n",
       "      <td>0.281888</td>\n",
       "      <td>-0.183684</td>\n",
       "      <td>-0.189931</td>\n",
       "      <td>0.183130</td>\n",
       "      <td>0.162924</td>\n",
       "      <td>0.185642</td>\n",
       "      <td>0.192986</td>\n",
       "      <td>-0.160041</td>\n",
       "      <td>0.160449</td>\n",
       "      <td>0.152552</td>\n",
       "      <td>0.198849</td>\n",
       "      <td>1.000000</td>\n",
       "    </tr>\n",
       "  </tbody>\n",
       "</table>\n",
       "</div>"
      ],
      "text/plain": [
       "             F2        F9       F12       F25       F26       F28       F34  \\\n",
       "F2     1.000000  0.288828  0.133393  0.283360  0.259141  0.141820  0.982344   \n",
       "F9     0.288828  1.000000  0.480796  0.993717  0.400273  0.490477  0.284680   \n",
       "F12    0.133393  0.480796  1.000000  0.485101  0.384052  0.997115  0.137174   \n",
       "F25    0.283360  0.993717  0.485101  1.000000  0.405487  0.494534  0.288882   \n",
       "F26    0.259141  0.400273  0.384052  0.405487  1.000000  0.389657  0.262833   \n",
       "F28    0.141820  0.490477  0.997115  0.494534  0.389657  1.000000  0.142752   \n",
       "F34    0.982344  0.284680  0.137174  0.288882  0.262833  0.142752  1.000000   \n",
       "F41    0.275284  0.991406  0.477150  0.991103  0.396217  0.486735  0.287513   \n",
       "F44    0.128086  0.475179  0.991662  0.477141  0.379212  0.993097  0.132548   \n",
       "F47    0.194636  0.358939  0.084600  0.365933  0.197066  0.090456  0.199104   \n",
       "F50    0.618443  0.355965  0.213627  0.362431  0.226732  0.220128  0.618850   \n",
       "F54   -0.013258  0.186581 -0.117830  0.200181  0.286247 -0.113162 -0.010423   \n",
       "F60    0.203849  0.320154  0.286842  0.328083  0.329775  0.295878  0.214459   \n",
       "F65    0.148029  0.412324  0.422666  0.415810  0.214505  0.428941  0.148973   \n",
       "F66    0.616861  0.377413  0.231906  0.384766  0.240682  0.239477  0.622368   \n",
       "F70    0.000720  0.225671 -0.086995  0.233962  0.298549 -0.079896  0.007287   \n",
       "F76    0.211224  0.337127  0.297348  0.345926  0.339862  0.307719  0.217952   \n",
       "Class  0.269306 -0.174619 -0.188479 -0.154215  0.151746 -0.171809  0.281888   \n",
       "\n",
       "            F41       F44       F47       F50       F54       F60       F65  \\\n",
       "F2     0.275284  0.128086  0.194636  0.618443 -0.013258  0.203849  0.148029   \n",
       "F9     0.991406  0.475179  0.358939  0.355965  0.186581  0.320154  0.412324   \n",
       "F12    0.477150  0.991662  0.084600  0.213627 -0.117830  0.286842  0.422666   \n",
       "F25    0.991103  0.477141  0.365933  0.362431  0.200181  0.328083  0.415810   \n",
       "F26    0.396217  0.379212  0.197066  0.226732  0.286247  0.329775  0.214505   \n",
       "F28    0.486735  0.993097  0.090456  0.220128 -0.113162  0.295878  0.428941   \n",
       "F34    0.287513  0.132548  0.199104  0.618850 -0.010423  0.214459  0.148973   \n",
       "F41    1.000000  0.474277  0.357460  0.348268  0.177796  0.320654  0.406964   \n",
       "F44    0.474277  1.000000  0.076601  0.204969 -0.131654  0.283671  0.417137   \n",
       "F47    0.357460  0.076601  1.000000  0.422509  0.399504  0.339519  0.272268   \n",
       "F50    0.348268  0.204969  0.422509  1.000000  0.124927  0.322097  0.265929   \n",
       "F54    0.177796 -0.131654  0.399504  0.124927  1.000000  0.326750  0.211963   \n",
       "F60    0.320654  0.283671  0.339519  0.322097  0.326750  1.000000  0.261396   \n",
       "F65    0.406964  0.417137  0.272268  0.265929  0.211963  0.261396  1.000000   \n",
       "F66    0.373905  0.224148  0.436501  0.994571  0.135464  0.343374  0.280945   \n",
       "F70    0.222554 -0.095317  0.426268  0.140217  0.976926  0.369574  0.235279   \n",
       "F76    0.336981  0.293352  0.350381  0.334019  0.342030  0.995039  0.275340   \n",
       "Class -0.183684 -0.189931  0.183130  0.162924  0.185642  0.192986 -0.160041   \n",
       "\n",
       "            F66       F70       F76     Class  \n",
       "F2     0.616861  0.000720  0.211224  0.269306  \n",
       "F9     0.377413  0.225671  0.337127 -0.174619  \n",
       "F12    0.231906 -0.086995  0.297348 -0.188479  \n",
       "F25    0.384766  0.233962  0.345926 -0.154215  \n",
       "F26    0.240682  0.298549  0.339862  0.151746  \n",
       "F28    0.239477 -0.079896  0.307719 -0.171809  \n",
       "F34    0.622368  0.007287  0.217952  0.281888  \n",
       "F41    0.373905  0.222554  0.336981 -0.183684  \n",
       "F44    0.224148 -0.095317  0.293352 -0.189931  \n",
       "F47    0.436501  0.426268  0.350381  0.183130  \n",
       "F50    0.994571  0.140217  0.334019  0.162924  \n",
       "F54    0.135464  0.976926  0.342030  0.185642  \n",
       "F60    0.343374  0.369574  0.995039  0.192986  \n",
       "F65    0.280945  0.235279  0.275340 -0.160041  \n",
       "F66    1.000000  0.161550  0.354222  0.160449  \n",
       "F70    0.161550  1.000000  0.381608  0.152552  \n",
       "F76    0.354222  0.381608  1.000000  0.198849  \n",
       "Class  0.160449  0.152552  0.198849  1.000000  "
      ]
     },
     "execution_count": 62,
     "metadata": {},
     "output_type": "execute_result"
    }
   ],
   "source": [
    "corr=data.corr()\n",
    "corr"
   ]
  },
  {
   "cell_type": "code",
   "execution_count": 63,
   "id": "118a586e",
   "metadata": {},
   "outputs": [
    {
     "data": {
      "text/plain": [
       "F2       0.269306\n",
       "F9       0.174619\n",
       "F12      0.188479\n",
       "F28      0.171809\n",
       "F34      0.281888\n",
       "F41      0.183684\n",
       "F44      0.189931\n",
       "F47      0.183130\n",
       "F54      0.185642\n",
       "F60      0.192986\n",
       "F76      0.198849\n",
       "Class    1.000000\n",
       "Name: Class, dtype: float64"
      ]
     },
     "execution_count": 63,
     "metadata": {},
     "output_type": "execute_result"
    }
   ],
   "source": [
    "cor_target = abs(corr[\"Class\"])\n",
    "#Selecting highly correlated features\n",
    "relevant_features = cor_target[cor_target>0.17]\n",
    "relevant_features"
   ]
  },
  {
   "cell_type": "code",
   "execution_count": 66,
   "id": "e3b9f6d9",
   "metadata": {},
   "outputs": [],
   "source": [
    "X = data.iloc[:,:-1]\n",
    "y = data.iloc[: ,-1]"
   ]
  },
  {
   "cell_type": "code",
   "execution_count": 103,
   "id": "c6bdc948",
   "metadata": {},
   "outputs": [
    {
     "data": {
      "text/plain": [
       "0      0\n",
       "1      0\n",
       "2      0\n",
       "3      0\n",
       "4      0\n",
       "      ..\n",
       "211    2\n",
       "212    3\n",
       "213    1\n",
       "214    2\n",
       "215    3\n",
       "Name: Class, Length: 216, dtype: int64"
      ]
     },
     "execution_count": 103,
     "metadata": {},
     "output_type": "execute_result"
    }
   ],
   "source": [
    "y"
   ]
  },
  {
   "cell_type": "code",
   "execution_count": 122,
   "id": "b828ce67",
   "metadata": {},
   "outputs": [
    {
     "name": "stdout",
     "output_type": "stream",
     "text": [
      "training data shape is :(151, 17).\n",
      "training label shape is :(151,).\n",
      "testing data shape is :(65, 17).\n",
      "testing label shape is :(65,).\n"
     ]
    }
   ],
   "source": [
    "from sklearn.model_selection import train_test_split\n",
    "\n",
    "X_train,X_test ,y_train, y_test = train_test_split(X,y,\n",
    "                                                   test_size=0.30,\n",
    "                                                   random_state=0,\n",
    "                                                  shuffle = True,\n",
    "                                                  stratify = y)\n",
    "\n",
    "print('training data shape is :{}.'.format(X_train.shape))\n",
    "print('training label shape is :{}.'.format(y_train.shape))\n",
    "print('testing data shape is :{}.'.format(X_test.shape))\n",
